<?xml version="1.0"?>
<opencv_storage>
<CornersAmount>48</CornersAmount>
<Corner_0>
  408 446</Corner_0>
<Corner_1>
  391 447</Corner_1>
<Corner_2>
  374 447</Corner_2>
<Corner_3>
  358 446</Corner_3>
<Corner_4>
  340 447</Corner_4>
<Corner_5>
  323 447</Corner_5>
<Corner_6>
  307 447</Corner_6>
<Corner_7>
  290 446</Corner_7>
<Corner_8>
  407 440</Corner_8>
<Corner_9>
  390 440</Corner_9>
<Corner_10>
  375 441</Corner_10>
<Corner_11>
  357 441</Corner_11>
<Corner_12>
  342 441</Corner_12>
<Corner_13>
  324 441</Corner_13>
<Corner_14>
  308 441</Corner_14>
<Corner_15>
  291 440</Corner_15>
<Corner_16>
  405 433</Corner_16>
<Corner_17>
  389 433</Corner_17>
<Corner_18>
  373 434</Corner_18>
<Corner_19>
  358 434</Corner_19>
<Corner_20>
  341 434</Corner_20>
<Corner_21>
  325 434</Corner_21>
<Corner_22>
  309 434</Corner_22>
<Corner_23>
  293 433</Corner_23>
<Corner_24>
  403 427</Corner_24>
<Corner_25>
  387 427</Corner_25>
<Corner_26>
  372 428</Corner_26>
<Corner_27>
  356 429</Corner_27>
<Corner_28>
  342 428</Corner_28>
<Corner_29>
  326 428</Corner_29>
<Corner_30>
  311 428</Corner_30>
<Corner_31>
  295 428</Corner_31>
<Corner_32>
  402 422</Corner_32>
<Corner_33>
  387 423</Corner_33>
<Corner_34>
  371 423</Corner_34>
<Corner_35>
  357 423</Corner_35>
<Corner_36>
  342 423</Corner_36>
<Corner_37>
  327 423</Corner_37>
<Corner_38>
  311 423</Corner_38>
<Corner_39>
  297 422</Corner_39>
<Corner_40>
  400 416</Corner_40>
<Corner_41>
  386 417</Corner_41>
<Corner_42>
  371 417</Corner_42>
<Corner_43>
  355 417</Corner_43>
<Corner_44>
  342 417</Corner_44>
<Corner_45>
  327 417</Corner_45>
<Corner_46>
  312 417</Corner_46>
<Corner_47>
  297 417</Corner_47>
</opencv_storage>
