<?xml version="1.0"?>
<opencv_storage>
<CornersAmount>48</CornersAmount>
<Corner_0>
  368 343</Corner_0>
<Corner_1>
  362 349</Corner_1>
<Corner_2>
  355 354</Corner_2>
<Corner_3>
  346 360</Corner_3>
<Corner_4>
  337 368</Corner_4>
<Corner_5>
  329 374</Corner_5>
<Corner_6>
  319 380</Corner_6>
<Corner_7>
  311 388</Corner_7>
<Corner_8>
  357 338</Corner_8>
<Corner_9>
  349 345</Corner_9>
<Corner_10>
  341 350</Corner_10>
<Corner_11>
  333 355</Corner_11>
<Corner_12>
  325 362</Corner_12>
<Corner_13>
  317 368</Corner_13>
<Corner_14>
  308 375</Corner_14>
<Corner_15>
  297 382</Corner_15>
<Corner_16>
  345 335</Corner_16>
<Corner_17>
  338 340</Corner_17>
<Corner_18>
  330 346</Corner_18>
<Corner_19>
  323 352</Corner_19>
<Corner_20>
  313 358</Corner_20>
<Corner_21>
  304 363</Corner_21>
<Corner_22>
  295 370</Corner_22>
<Corner_23>
  286 377</Corner_23>
<Corner_24>
  334 331</Corner_24>
<Corner_25>
  326 337</Corner_25>
<Corner_26>
  319 342</Corner_26>
<Corner_27>
  311 348</Corner_27>
<Corner_28>
  302 353</Corner_28>
<Corner_29>
  293 359</Corner_29>
<Corner_30>
  284 366</Corner_30>
<Corner_31>
  274 372</Corner_31>
<Corner_32>
  324 329</Corner_32>
<Corner_33>
  315 334</Corner_33>
<Corner_34>
  308 339</Corner_34>
<Corner_35>
  301 345</Corner_35>
<Corner_36>
  291 349</Corner_36>
<Corner_37>
  282 355</Corner_37>
<Corner_38>
  272 362</Corner_38>
<Corner_39>
  263 366</Corner_39>
<Corner_40>
  313 324</Corner_40>
<Corner_41>
  306 331</Corner_41>
<Corner_42>
  297 334</Corner_42>
<Corner_43>
  289 341</Corner_43>
<Corner_44>
  280 346</Corner_44>
<Corner_45>
  271 351</Corner_45>
<Corner_46>
  262 356</Corner_46>
<Corner_47>
  252 363</Corner_47>
</opencv_storage>
