<?xml version="1.0"?>
<opencv_storage>
<CameraMatrix type_id="opencv-matrix">
  <rows>3</rows>
  <cols>3</cols>
  <dt>d</dt>
  <data>
    4.8975651031578138e+002 0. 3.2150000000000000e+002 0.
    4.8975651031578138e+002 2.4250000000000000e+002 0. 0. 1.</data></CameraMatrix>
<DistortionCoeffs type_id="opencv-matrix">
  <rows>5</rows>
  <cols>1</cols>
  <dt>d</dt>
  <data>
    -3.7099677066880521e-001 1.6710082840417192e-001 0. 0.
    1.8039078142846537e-002</data></DistortionCoeffs>
</opencv_storage>
