<?xml version="1.0"?>
<opencv_storage>
<CornersAmount>48</CornersAmount>
<Corner_0>
  465 342</Corner_0>
<Corner_1>
  469 350</Corner_1>
<Corner_2>
  471 358</Corner_2>
<Corner_3>
  475 367</Corner_3>
<Corner_4>
  478 376</Corner_4>
<Corner_5>
  482 386</Corner_5>
<Corner_6>
  485 396</Corner_6>
<Corner_7>
  488 407</Corner_7>
<Corner_8>
  452 342</Corner_8>
<Corner_9>
  454 350</Corner_9>
<Corner_10>
  457 359</Corner_10>
<Corner_11>
  459 366</Corner_11>
<Corner_12>
  461 377</Corner_12>
<Corner_13>
  464 386</Corner_13>
<Corner_14>
  467 397</Corner_14>
<Corner_15>
  471 408</Corner_15>
<Corner_16>
  437 340</Corner_16>
<Corner_17>
  439 350</Corner_17>
<Corner_18>
  441 358</Corner_18>
<Corner_19>
  443 368</Corner_19>
<Corner_20>
  445 377</Corner_20>
<Corner_21>
  448 388</Corner_21>
<Corner_22>
  450 397</Corner_22>
<Corner_23>
  453 409</Corner_23>
<Corner_24>
  422 342</Corner_24>
<Corner_25>
  424 349</Corner_25>
<Corner_26>
  425 359</Corner_26>
<Corner_27>
  427 368</Corner_27>
<Corner_28>
  429 377</Corner_28>
<Corner_29>
  431 387</Corner_29>
<Corner_30>
  433 398</Corner_30>
<Corner_31>
  435 409</Corner_31>
<Corner_32>
  406 342</Corner_32>
<Corner_33>
  408 351</Corner_33>
<Corner_34>
  410 359</Corner_34>
<Corner_35>
  411 368</Corner_35>
<Corner_36>
  412 377</Corner_36>
<Corner_37>
  414 388</Corner_37>
<Corner_38>
  415 397</Corner_38>
<Corner_39>
  417 410</Corner_39>
<Corner_40>
  392 342</Corner_40>
<Corner_41>
  393 351</Corner_41>
<Corner_42>
  393 359</Corner_42>
<Corner_43>
  394 368</Corner_43>
<Corner_44>
  395 377</Corner_44>
<Corner_45>
  396 388</Corner_45>
<Corner_46>
  397 399</Corner_46>
<Corner_47>
  398 410</Corner_47>
</opencv_storage>
