<?xml version="1.0"?>
<opencv_storage>
<CameraMatrix type_id="opencv-matrix">
  <rows>3</rows>
  <cols>3</cols>
  <dt>d</dt>
  <data>
    4.7122928052098985e+002 0. 3.2150000000000000e+002 0.
    4.7122928052098985e+002 2.4250000000000000e+002 0. 0. 1.</data></CameraMatrix>
<DistortionCoeffs type_id="opencv-matrix">
  <rows>5</rows>
  <cols>1</cols>
  <dt>d</dt>
  <data>
    -3.9709801783064513e-001 2.7500414464160244e-001 0. 0.
    -1.1434929845843803e-001</data></DistortionCoeffs>
</opencv_storage>
