<?xml version="1.0"?>
<opencv_storage>
<CornersAmount>48</CornersAmount>
<Corner_0>
  327 373</Corner_0>
<Corner_1>
  317 365</Corner_1>
<Corner_2>
  305 359</Corner_2>
<Corner_3>
  295 351</Corner_3>
<Corner_4>
  286 346</Corner_4>
<Corner_5>
  278 340</Corner_5>
<Corner_6>
  268 334</Corner_6>
<Corner_7>
  260 328</Corner_7>
<Corner_8>
  340 365</Corner_8>
<Corner_9>
  329 357</Corner_9>
<Corner_10>
  318 353</Corner_10>
<Corner_11>
  309 346</Corner_11>
<Corner_12>
  300 340</Corner_12>
<Corner_13>
  289 334</Corner_13>
<Corner_14>
  281 329</Corner_14>
<Corner_15>
  273 323</Corner_15>
<Corner_16>
  352 360</Corner_16>
<Corner_17>
  341 353</Corner_17>
<Corner_18>
  331 348</Corner_18>
<Corner_19>
  320 341</Corner_19>
<Corner_20>
  310 335</Corner_20>
<Corner_21>
  300 329</Corner_21>
<Corner_22>
  292 324</Corner_22>
<Corner_23>
  285 319</Corner_23>
<Corner_24>
  362 353</Corner_24>
<Corner_25>
  351 347</Corner_25>
<Corner_26>
  343 342</Corner_26>
<Corner_27>
  333 335</Corner_27>
<Corner_28>
  323 331</Corner_28>
<Corner_29>
  313 325</Corner_29>
<Corner_30>
  304 320</Corner_30>
<Corner_31>
  295 314</Corner_31>
<Corner_32>
  373 348</Corner_32>
<Corner_33>
  363 341</Corner_33>
<Corner_34>
  353 336</Corner_34>
<Corner_35>
  342 330</Corner_35>
<Corner_36>
  333 326</Corner_36>
<Corner_37>
  323 320</Corner_37>
<Corner_38>
  315 315</Corner_38>
<Corner_39>
  306 309</Corner_39>
<Corner_40>
  384 343</Corner_40>
<Corner_41>
  372 336</Corner_41>
<Corner_42>
  364 331</Corner_42>
<Corner_43>
  353 326</Corner_43>
<Corner_44>
  345 321</Corner_44>
<Corner_45>
  334 317</Corner_45>
<Corner_46>
  325 311</Corner_46>
<Corner_47>
  318 306</Corner_47>
</opencv_storage>
