<?xml version="1.0"?>
<opencv_storage>
<CameraMatrix type_id="opencv-matrix">
  <rows>3</rows>
  <cols>3</cols>
  <dt>d</dt>
  <data>
    4.9091365469743181e+002 0. 3.2150000000000000e+002 0.
    4.9091365469743181e+002 2.4250000000000000e+002 0. 0. 1.</data></CameraMatrix>
<DistortionCoeffs type_id="opencv-matrix">
  <rows>5</rows>
  <cols>1</cols>
  <dt>d</dt>
  <data>
    -3.6861824163155799e-001 2.0691444668115444e-001 0. 0.
    -7.8958938594946723e-002</data></DistortionCoeffs>
</opencv_storage>
