<?xml version="1.0"?>
<opencv_storage>
<CornersAmount>48</CornersAmount>
<Corner_0>
  273 399</Corner_0>
<Corner_1>
  276 406</Corner_1>
<Corner_2>
  278 411</Corner_2>
<Corner_3>
  281 418</Corner_3>
<Corner_4>
  284 426</Corner_4>
<Corner_5>
  285 432</Corner_5>
<Corner_6>
  289 442</Corner_6>
<Corner_7>
  293 450</Corner_7>
<Corner_8>
  257 400</Corner_8>
<Corner_9>
  259 406</Corner_9>
<Corner_10>
  261 413</Corner_10>
<Corner_11>
  263 420</Corner_11>
<Corner_12>
  266 426</Corner_12>
<Corner_13>
  269 435</Corner_13>
<Corner_14>
  272 443</Corner_14>
<Corner_15>
  274 454</Corner_15>
<Corner_16>
  241 401</Corner_16>
<Corner_17>
  244 408</Corner_17>
<Corner_18>
  245 414</Corner_18>
<Corner_19>
  245 421</Corner_19>
<Corner_20>
  246 428</Corner_20>
<Corner_21>
  249 435</Corner_21>
<Corner_22>
  250 444</Corner_22>
<Corner_23>
  253 454</Corner_23>
<Corner_24>
  226 403</Corner_24>
<Corner_25>
  225 410</Corner_25>
<Corner_26>
  228 417</Corner_26>
<Corner_27>
  228 423</Corner_27>
<Corner_28>
  229 430</Corner_28>
<Corner_29>
  230 438</Corner_29>
<Corner_30>
  232 446</Corner_30>
<Corner_31>
  233 454</Corner_31>
<Corner_32>
  209 404</Corner_32>
<Corner_33>
  211 410</Corner_33>
<Corner_34>
  211 417</Corner_34>
<Corner_35>
  212 424</Corner_35>
<Corner_36>
  212 430</Corner_36>
<Corner_37>
  212 438</Corner_37>
<Corner_38>
  212 448</Corner_38>
<Corner_39>
  212 457</Corner_39>
<Corner_40>
  194 405</Corner_40>
<Corner_41>
  193 410</Corner_41>
<Corner_42>
  194 417</Corner_42>
<Corner_43>
  193 426</Corner_43>
<Corner_44>
  193 433</Corner_44>
<Corner_45>
  192 440</Corner_45>
<Corner_46>
  192 449</Corner_46>
<Corner_47>
  192 458</Corner_47>
</opencv_storage>
