<?xml version="1.0"?>
<opencv_storage>
<CameraMatrix type_id="opencv-matrix">
  <rows>3</rows>
  <cols>3</cols>
  <dt>d</dt>
  <data>
    4.7473346079659075e+002 0. 3.2150000000000000e+002 0.
    4.7473346079659075e+002 2.4250000000000000e+002 0. 0. 1.</data></CameraMatrix>
<DistortionCoeffs type_id="opencv-matrix">
  <rows>5</rows>
  <cols>1</cols>
  <dt>d</dt>
  <data>
    -3.3940778014947709e-001 1.5599001794061171e-001 0. 0.
    -4.1100592048605673e-002</data></DistortionCoeffs>
</opencv_storage>
