<?xml version="1.0"?>
<opencv_storage>
<CornersAmount>48</CornersAmount>
<Corner_0>
  388 341</Corner_0>
<Corner_1>
  376 337</Corner_1>
<Corner_2>
  364 334</Corner_2>
<Corner_3>
  354 330</Corner_3>
<Corner_4>
  343 327</Corner_4>
<Corner_5>
  332 324</Corner_5>
<Corner_6>
  323 321</Corner_6>
<Corner_7>
  314 317</Corner_7>
<Corner_8>
  397 337</Corner_8>
<Corner_9>
  385 333</Corner_9>
<Corner_10>
  374 330</Corner_10>
<Corner_11>
  363 326</Corner_11>
<Corner_12>
  352 324</Corner_12>
<Corner_13>
  343 320</Corner_13>
<Corner_14>
  333 317</Corner_14>
<Corner_15>
  323 314</Corner_15>
<Corner_16>
  406 333</Corner_16>
<Corner_17>
  393 330</Corner_17>
<Corner_18>
  382 326</Corner_18>
<Corner_19>
  372 323</Corner_19>
<Corner_20>
  362 320</Corner_20>
<Corner_21>
  351 317</Corner_21>
<Corner_22>
  342 314</Corner_22>
<Corner_23>
  333 312</Corner_23>
<Corner_24>
  414 329</Corner_24>
<Corner_25>
  403 325</Corner_25>
<Corner_26>
  392 322</Corner_26>
<Corner_27>
  381 319</Corner_27>
<Corner_28>
  371 317</Corner_28>
<Corner_29>
  361 314</Corner_29>
<Corner_30>
  351 311</Corner_30>
<Corner_31>
  341 308</Corner_31>
<Corner_32>
  422 325</Corner_32>
<Corner_33>
  410 322</Corner_33>
<Corner_34>
  400 318</Corner_34>
<Corner_35>
  389 316</Corner_35>
<Corner_36>
  379 313</Corner_36>
<Corner_37>
  369 311</Corner_37>
<Corner_38>
  359 308</Corner_38>
<Corner_39>
  350 305</Corner_39>
<Corner_40>
  430 322</Corner_40>
<Corner_41>
  418 318</Corner_41>
<Corner_42>
  407 316</Corner_42>
<Corner_43>
  397 313</Corner_43>
<Corner_44>
  387 310</Corner_44>
<Corner_45>
  377 308</Corner_45>
<Corner_46>
  367 306</Corner_46>
<Corner_47>
  359 302</Corner_47>
</opencv_storage>
