<?xml version="1.0"?>
<opencv_storage>
<CameraMatrix type_id="opencv-matrix">
  <rows>3</rows>
  <cols>3</cols>
  <dt>d</dt>
  <data>
    5.8247832747320865e+002 0. 3.2150000000000000e+002 0.
    5.8247832747320865e+002 2.4250000000000000e+002 0. 0. 1.</data></CameraMatrix>
<DistortionCoeffs type_id="opencv-matrix">
  <rows>5</rows>
  <cols>1</cols>
  <dt>d</dt>
  <data>
    -2.9457736359966430e-001 -3.1827062349789248e-001 0. 0.
    5.8259504466699030e-001</data></DistortionCoeffs>
</opencv_storage>
