<?xml version="1.0"?>
<opencv_storage>
<CameraMatrix type_id="opencv-matrix">
  <rows>3</rows>
  <cols>3</cols>
  <dt>d</dt>
  <data>
    4.8847432505377458e+002 0. 3.2150000000000000e+002 0.
    4.8847432505377458e+002 2.4250000000000000e+002 0. 0. 1.</data></CameraMatrix>
<DistortionCoeffs type_id="opencv-matrix">
  <rows>5</rows>
  <cols>1</cols>
  <dt>d</dt>
  <data>
    -3.9336921022873683e-001 2.6565687101430252e-001 0. 0.
    -1.2179656330194850e-001</data></DistortionCoeffs>
</opencv_storage>
