<?xml version="1.0"?>
<opencv_storage>
<CameraMatrix type_id="opencv-matrix">
  <rows>3</rows>
  <cols>3</cols>
  <dt>d</dt>
  <data>
    4.8330738011268335e+002 0. 3.2150000000000000e+002 0.
    4.8330738011268335e+002 2.4250000000000000e+002 0. 0. 1.</data></CameraMatrix>
<DistortionCoeffs type_id="opencv-matrix">
  <rows>5</rows>
  <cols>1</cols>
  <dt>d</dt>
  <data>
    -4.2628199946099854e-001 3.2919376711391568e-001 0. 0.
    -1.7663411892805808e-001</data></DistortionCoeffs>
</opencv_storage>
